2.820245395447539272e-01
2.820229668162407277e-01
2.820222126384430705e-01
2.820229669921365812e-01
2.820245398399812142e-01
2.820233247705625224e-01
2.820220919667013049e-01
2.820212896039979711e-01
2.820220921127916669e-01
2.820233250085583676e-01
2.820231376730360506e-01
2.820219774386527045e-01
2.820213869821718844e-01
2.820219775331503365e-01
2.820231378288255986e-01
2.820235599795351544e-01
2.820225230197505040e-01
2.820219844452195312e-01
2.820225230576898778e-01
2.820235600414932597e-01
2.820236473819826561e-01
2.820226051227698871e-01
2.820220601226756107e-01
2.820226051011035517e-01
2.820236473472946814e-01
2.820233261401625668e-01
2.820222646745604300e-01
2.820216976368273287e-01
2.820222646012452428e-01
2.820233260220927352e-01
2.820220936031699321e-01
2.820210193648022279e-01
2.820204413048040815e-01
2.820210192684566852e-01
2.820220934469564456e-01
3.000289813482706625e-01
2.953817741778826944e-01
2.951369637593581063e-01
2.953817740984887030e-01
3.000289812185916727e-01
4.654329922824090304e-01
4.707151324659898939e-01
4.672016946665055181e-01
4.707151324242645485e-01
4.654329922123815466e-01
7.286518242321111671e-01
7.253642606493603262e-01
7.322500264381531787e-01
7.253642606328041254e-01
7.286518242035193715e-01
