2.712380733648483977e-01
2.712356215600899012e-01
2.712344445547785754e-01
2.712356218514941908e-01
2.712380738541550484e-01
2.712361882797756918e-01
2.712342712671385048e-01
2.712330231465734376e-01
2.712342715090979572e-01
2.712361886740340955e-01
2.712359001808086756e-01
2.712341033313633853e-01
2.712331899145487002e-01
2.712341034877305268e-01
2.712359004386361572e-01
2.712365569768598328e-01
2.712349562553637572e-01
2.712341261689150684e-01
2.712349563179042855e-01
2.712365570789970204e-01
2.712366892968010035e-01
2.712350812134554645e-01
2.712342415398786843e-01
2.712350811771401804e-01
2.712366892386748884e-01
2.712361687815282862e-01
2.712345299677920152e-01
2.712336552025867431e-01
2.712345298461584231e-01
2.712361685856866655e-01
2.712341942946479567e-01
2.712325346956379613e-01
2.712316421674061950e-01
2.712325345367825324e-01
2.712341940371020832e-01
2.895078191788784672e-01
2.847908470917706603e-01
2.845420847342431392e-01
2.847908469619337413e-01
2.895078189668192636e-01
4.573737726011965488e-01
4.627341022466582854e-01
4.591680620602076046e-01
4.627341021790665754e-01
4.573737724877434130e-01
7.245121266694528606e-01
7.211751838760055433e-01
7.281632898991201586e-01
7.211751838493839495e-01
7.245121266234098023e-01
