2.910117857187737300e-01
2.910110315351761012e-01
2.910106702121168509e-01
2.910110316151393595e-01
2.910117858530016921e-01
2.910112010252493553e-01
2.910106087919386297e-01
2.910102234059225301e-01
2.910106088583467310e-01
2.910112011334517468e-01
2.910111103257174148e-01
2.910105511616214446e-01
2.910102663652106014e-01
2.910105512045986775e-01
2.910111103965902224e-01
2.910113131289848165e-01
2.910108120680447996e-01
2.910105514900347412e-01
2.910108120853636682e-01
2.910113131572759082e-01
2.910113560541283118e-01
2.910108522033540424e-01
2.910105884231990458e-01
2.910108521936172754e-01
2.910113560385321207e-01
2.910112071524759703e-01
2.910106943041687044e-01
2.910104201421969683e-01
2.910106942709137501e-01
2.910112070988964406e-01
2.910106303498520841e-01
2.910101117015965189e-01
2.910098324646118728e-01
2.910101116576802038e-01
2.910106302786212851e-01
3.087953486441614159e-01
3.042063424554085627e-01
3.039648627064805986e-01
3.042063424189853094e-01
3.087953485846493540e-01
4.721479558797774256e-01
4.773649980299217721e-01
4.738954254191107274e-01
4.773649980106186019e-01
4.721479558473758997e-01
7.321007299051547346e-01
7.288543581422831652e-01
7.356548680821000108e-01
7.288543581345434674e-01
7.321007298917999728e-01
