2.999999999999999334e-01
2.999999999999999334e-01
2.999999999999999334e-01
2.999999999999999334e-01
3.000000000000000444e-01
2.999999999999999889e-01
2.999999999999999334e-01
2.999999999999999334e-01
3.000000000000000444e-01
3.000000000000000444e-01
3.000000000000000444e-01
2.999999999999999889e-01
2.999999999999999889e-01
2.999999999999999889e-01
2.999999999999999334e-01
3.000000000000000444e-01
2.999999999999999334e-01
2.999999999999999334e-01
2.999999999999999334e-01
2.999999999999999889e-01
2.999999999999999889e-01
2.999999999999999334e-01
3.000000000000000444e-01
2.999999999999998779e-01
3.000000000000000444e-01
3.000000000000000444e-01
2.999999999999999889e-01
2.999999999999999334e-01
2.999999999999999334e-01
3.000000000000000444e-01
2.999999999999999334e-01
3.000000000000000444e-01
2.999999999999999889e-01
2.999999999999999889e-01
2.999999999999999334e-01
3.175624060885905431e-01
3.130315647996664286e-01
3.127933962675683022e-01
3.130315647996664286e-01
3.175624060885904321e-01
4.788634718674547042e-01
4.840153838890312032e-01
4.805896576043376944e-01
4.840153838890312032e-01
4.788634718674547597e-01
7.355501239402125746e-01
7.323449131769566023e-01
7.390601522147611790e-01
7.323449131769566023e-01
7.355501239402125746e-01
